4374293424 0 0 0
4374293437 48576 0 14701
4374293450 112917 0 8664
4374293463 122190 0 465
4374293476 122190 0 0
4374293489 122190 0 0
4374293502 122190 0 0
4374293515 122190 0 0
4374293528 122190 0 0
4374293541 122190 0 0
4374293554 122190 0 0
4374293567 122190 0 0
4374293580 122190 0 0
4374293593 122190 0 0
4374293606 122190 0 0
4374293619 122190 0 0
4374293632 122190 0 0
4374293645 122190 0 0
4374293658 122190 0 0
4374293671 122190 0 0
4374293684 122817 0 37
4374293697 163783 0 612
4374293710 218715 0 684
4374293723 218715 0 0
4374293736 218715 0 0
4374293749 218715 0 0
4374293762 218715 0 0
4374293775 218715 0 0
4374293788 218715 0 0
4374293801 218715 0 0
4374293814 218715 0 0
4374293827 218715 0 0
4374293840 218715 0 0
4374293853 218715 0 0
4374293866 218715 0 0
4374293879 218715 0 0
4374293892 218715 0 0
4374293905 218715 0 0
4374293918 218715 0 0
4374293931 218715 0 0
4374293944 230809 0 114
4374293957 273428 0 367
4374293970 297326 0 162
4374293983 297326 0 0
4374293996 297326 0 0
4374294009 297326 0 0
4374294022 297326 0 0
4374294035 297326 0 0
4374294048 297326 0 0
4374294061 297326 0 0
4374294074 297326 0 0
4374294087 297326 0 0
4374294100 297326 0 0
4374294113 297326 0 0
4374294126 297326 0 0
4374294139 297326 0 0
4374294152 297326 0 0
4374294165 297326 0 0
4374294178 297326 0 0
4374294191 301607 0 25
4374294204 329746 0 137
4374294217 363041 0 161
4374294230 363041 0 0
4374294243 363041 0 0
4374294256 363041 0 0
4374294269 363041 0 0
4374294282 363041 0 0
4374294295 363041 0 0
4374294308 363041 0 0
4374294321 363041 0 0
4374294334 363041 0 0
4374294347 363041 0 0
4374294360 363041 0 0
4374294373 363041 0 0
4374294386 363041 0 0
4374294399 363041 0 0
4374294412 363041 0 0
4374294425 363041 0 0
4374294438 363041 0 0
4374294451 378237 0 66
4374294464 399941 0 75
4374294477 416341 0 64
4374294490 416341 0 0
4374294503 416341 0 0
4374294516 416341 0 0
4374294529 416341 0 0
4374294542 416341 0 0
4374294555 416341 0 0
4374294568 416341 0 0
4374294581 416341 0 0
4374294594 416341 0 0
4374294607 416341 0 0
4374294620 416341 0 0
4374294633 416341 0 0
4374294646 416341 0 0
4374294659 416341 0 0
4374294672 416341 0 0
4374294685 416341 0 0
4374294698 423217 0 14
4374294711 443146 0 66
4374294724 461035 0 66
4374294737 461035 0 0
4374294750 461035 0 0
4374294763 461035 0 0
4374294776 461035 0 0
4374294789 461035 0 0
4374294802 461035 0 0
4374294815 461035 0 0
4374294828 461035 0 0
4374294841 461035 0 0
4374294854 461035 0 0
4374294867 461035 0 0
4374294880 461035 0 0
4374294893 461035 0 0
4374294906 461035 0 0
4374294919 461035 0 0
4374294932 461035 0 0
4374294945 461843 0 6
4374294958 477384 0 30
4374294972 492233 0 36
4374294985 497526 0 12
4374294998 497526 0 0
4374295011 497526 0 0
4374295024 497526 0 0
4374295037 497526 0 0
4374295050 497526 0 0
4374295063 497526 0 0
4374295076 497526 0 0
4374295089 497526 0 0
4374295102 497526 0 0
4374295115 497526 0 0
4374295128 497526 0 0
4374295141 497526 0 0
4374295154 497526 0 0
4374295167 497526 0 0
4374295180 497526 0 0
4374295193 497526 0 0
4374295206 506819 0 25
4374295219 518361 0 25
4374295232 527621 0 20
4374295245 527621 0 0
4374295258 527621 0 0
4374295271 527621 0 0
4374295284 527621 0 0
4374295297 527621 0 0
4374295310 527621 0 0
4374295323 527621 0 0
4374295336 527621 0 0
4374295349 527621 0 0
4374295362 527621 0 0
4374295375 527621 0 0
4374295388 527621 0 0
4374295401 527621 0 0
4374295414 527621 0 0
4374295427 527621 0 0
4374295440 527621 0 0
4374295453 531369 0 0
4374295466 544487 0 20
4374295479 551983 0 16
4374295492 551983 0 0
4374295505 551983 0 0
4374295518 551983 0 0
4374295531 551983 0 0
4374295544 551983 0 0
4374295557 551983 0 0
4374295570 551983 0 0
4374295583 551983 0 0
4374295596 551983 0 0
4374295609 551983 0 0
4374295622 551983 0 0
4374295635 551983 0 0
4374295648 551983 0 0
4374295661 551983 0 0
4374295674 551983 0 0
4374295687 551983 0 0
4374295700 553585 0 4
4374295713 563197 0 24
4374295726 570574 0 24
4374295739 572808 0 0
4374295752 572808 0 0
4374295765 572808 0 0
4374295778 572808 0 0
4374295791 572808 0 0
4374295804 572808 0 0
4374295817 572808 0 0
4374295830 572808 0 0
4374295843 572808 0 0
4374295856 572808 0 0
4374295869 572808 0 0
4374295882 572808 0 0
4374295895 572808 0 0
4374295908 572808 0 0
4374295921 572808 0 0
4374295934 572808 0 0
4374295947 572808 0 0
4374295960 579068 0 12
4374295973 584076 0 9
4374295986 589084 0 12
4374295999 589084 0 0
4374296012 589084 0 0
4374296025 589084 0 0
4374296038 589084 0 0
4374296051 589084 0 0
4374296064 589084 0 0
4374296077 589084 0 0
4374296090 589084 0 0
4374296103 589084 0 0
4374296116 589084 0 0
4374296129 589084 0 0
4374296142 589084 0 0
4374296155 589084 0 0
4374296168 589084 0 0
4374296181 589084 0 0
4374296194 589084 0 0
4374296207 591143 0 6
4374296220 597922 0 15
4374296233 601850 0 9
4374296246 601850 0 0
4374296259 601850 0 0
4374296272 601850 0 0
4374296285 601850 0 0
4374296298 601850 0 0
4374296311 601850 0 0
4374296324 601850 0 0
4374296337 601850 0 0
4374296350 601850 0 0
4374296363 601850 0 0
4374296376 601850 0 0
4374296389 601850 0 0
4374296402 601850 0 0
4374296415 601850 0 0
4374296428 601850 0 0
4374296441 601850 0 0
4374296454 603644 0 0
4374296467 608264 0 12
4374296480 613511 0 6
4374296493 613511 0 0
4374296506 613511 0 0
4374296519 613511 0 0
4374296532 613511 0 0
4374296545 613511 0 0
4374296558 613511 0 0
4374296571 613511 0 0
4374296584 613511 0 0
4374296597 613511 0 0
4374296610 613511 0 0
4374296623 613511 0 0
4374296636 613511 0 0
4374296649 613511 0 0
4374296662 613511 0 0
4374296675 613511 0 0
4374296688 613511 0 0
4374296701 613511 0 0
4374296714 617837 0 9
4374296727 620000 0 9
4374296740 622884 0 9
4374296753 622884 0 0
4374296766 622884 0 0
4374296779 622884 0 0
4374296792 622884 0 0
4374296805 622884 0 0
4374296818 622884 0 0
4374296831 622884 0 0
4374296844 622884 0 0
4374296857 622884 0 0
4374296870 622884 0 0
4374296883 622884 0 0
4374296896 622884 0 0
4374296909 622884 0 0
4374296922 622884 0 0
4374296935 622884 0 0
4374296948 622884 0 0
4374296961 625368 0 6
4374296974 628473 0 4
4374296987 630957 0 4
4374297000 630957 0 0
4374297013 630957 0 0
4374297026 630957 0 0
4374297039 630957 0 0
4374297052 630957 0 0
4374297065 630957 0 0
4374297078 630957 0 0
4374297091 630957 0 0
4374297104 630957 0 0
4374297117 630957 0 0
4374297130 630957 0 0
4374297143 630957 0 0
4374297156 630957 0 0
4374297169 630957 0 0
4374297182 630957 0 0
4374297195 630957 0 0
4374297208 631919 0 2
4374297221 635286 0 10
4374297234 637210 0 6
4374297247 637210 0 0
4374297260 637210 0 0
4374297273 637210 0 0
4374297286 637210 0 0
4374297299 637210 0 0
4374297312 637210 0 0
4374297325 637210 0 0
4374297338 637210 0 0
4374297351 637210 0 0
4374297364 637210 0 0
4374297377 637210 0 0
4374297390 637210 0 0
4374297403 637210 0 0
4374297416 637210 0 0
4374297429 637210 0 0
4374297442 637210 0 0
4374297455 637608 0 0
4374297468 639996 0 6
4374297481 642274 0 2
4374297494 642384 0 0
4374297507 642384 0 0
4374297520 642384 0 0
4374297533 642384 0 0
4374297546 642384 0 0
4374297559 642384 0 0
4374297572 642384 0 0
4374297585 642384 0 0
4374297598 642384 0 0
4374297611 642384 0 0
4374297624 642384 0 0
4374297637 642384 0 0
4374297650 642384 0 0
4374297663 642384 0 0
4374297676 642384 0 0
4374297689 642384 0 0
4374297702 642384 0 0
4374297715 644119 0 6
4374297728 645507 0 6
4374297741 646895 0 6
4374297754 646895 0 0
4374297767 646895 0 0
4374297780 646895 0 0
4374297793 646895 0 0
4374297806 646895 0 0
4374297819 646895 0 0
4374297832 646895 0 0
4374297845 646895 0 0
4374297858 646895 0 0
4374297871 646895 0 0
4374297884 646895 0 0
4374297897 646895 0 0
4374297910 646895 0 0
4374297923 646895 0 0
4374297936 646895 0 0
4374297949 646895 0 0
4374297962 647642 0 2
4374297975 649136 0 2
4374297988 650132 0 0
4374298001 650132 0 0
4374298014 650132 0 0
4374298027 650132 0 0
4374298040 650132 0 0
4374298053 650132 0 0
4374298066 650132 0 0
4374298079 650132 0 0
4374298092 650132 0 0
4374298105 650132 0 0
4374298118 650132 0 0
4374298131 650132 0 0
4374298144 650132 0 0
4374298157 650132 0 0
4374298170 650132 0 0
4374298183 650132 0 0
4374298196 650132 0 0
4374298209 650606 0 2
4374298222 652172 0 10
4374298235 653213 0 6
4374298248 653213 0 0
4374298261 653213 0 0
4374298274 653213 0 0
4374298287 653213 0 0
4374298300 653213 0 0
4374298313 653213 0 0
4374298326 653213 0 0
4374298339 653213 0 0
4374298352 653213 0 0
4374298365 653213 0 0
4374298378 653213 0 0
4374298391 653213 0 0
4374298404 653213 0 0
4374298417 653213 0 0
4374298430 653213 0 0
4374298443 653213 0 0
4374298456 653213 0 1
4374298469 502472 0 14
4374298482 200988 0 2
read 390 profiled data
