4374267976 0 0 0
4374267989 50198 0 13885
4374268002 75200 0 2577
4374268015 75200 0 0
4374268028 75200 0 0
4374268041 75200 0 0
4374268054 75200 0 0
4374268067 75200 0 0
4374268080 75200 0 0
4374268093 75200 0 0
4374268106 75200 0 0
4374268119 75200 0 0
4374268132 75200 0 0
4374268145 75200 0 0
4374268158 75200 0 0
4374268171 75200 0 0
4374268184 75200 0 0
4374268197 75200 0 0
4374268210 75200 0 0
4374268223 75200 0 0
4374268236 82625 0 113
4374268249 120924 0 569
4374268262 134600 0 136
4374268275 134600 0 0
4374268288 134600 0 0
4374268301 134600 0 0
4374268314 134600 0 0
4374268327 134600 0 0
4374268340 134600 0 0
4374268353 134600 0 0
4374268366 134600 0 0
4374268379 134600 0 0
4374268392 134600 0 0
4374268405 134600 0 0
4374268418 134600 0 0
4374268431 134600 0 0
4374268444 134600 0 0
4374268457 134600 0 0
4374268471 134600 0 0
4374268484 134600 0 0
4374268497 142527 0 76
4374268510 182976 0 294
4374268523 182976 0 0
4374268536 182976 0 0
4374268549 182976 0 0
4374268562 182976 0 0
4374268575 182976 0 0
4374268588 182976 0 0
4374268601 182976 0 0
4374268614 182976 0 0
4374268627 182976 0 0
4374268640 182976 0 0
4374268653 182976 0 0
4374268666 182976 0 0
4374268679 182976 0 0
4374268692 182976 0 0
4374268705 182976 0 0
4374268718 182976 0 0
4374268731 182976 0 0
4374268744 188031 0 25
4374268757 198194 0 49
4374268770 223416 0 123
4374268783 223416 0 0
4374268796 223416 0 0
4374268809 223416 0 0
4374268822 223416 0 0
4374268835 223416 0 0
4374268848 223416 0 0
4374268861 223416 0 0
4374268874 223416 0 0
4374268887 223416 0 0
4374268900 223416 0 0
4374268913 223416 0 0
4374268926 223416 0 0
4374268939 223416 0 0
4374268952 223416 0 0
4374268965 223416 0 0
4374268978 223416 0 0
4374268991 227516 0 9
4374269004 231616 0 19
4374269017 256216 0 93
4374269030 256216 0 0
4374269043 256216 0 0
4374269056 256216 0 0
4374269069 256216 0 0
4374269082 256216 0 0
4374269095 256216 0 0
4374269108 256216 0 0
4374269121 256216 0 0
4374269134 256216 0 0
4374269147 256216 0 0
4374269160 256216 0 0
4374269173 256216 0 0
4374269186 256216 0 0
4374269199 256216 0 0
4374269212 256216 0 0
4374269225 256216 0 0
4374269238 256216 0 0
4374269252 259654 0 15
4374269265 264297 0 21
4374269278 283720 0 51
4374269291 283720 0 0
4374269304 283720 0 0
4374269317 283720 0 0
4374269330 283720 0 0
4374269343 283720 0 0
4374269356 283720 0 0
4374269370 283720 0 0
4374269383 283720 0 0
4374269396 283720 0 0
4374269409 283720 0 0
4374269422 283720 0 0
4374269435 283720 0 0
4374269448 283720 0 0
4374269461 283720 0 0
4374269474 283720 0 0
4374269487 283720 0 0
4374269500 286527 0 6
4374269513 289334 0 12
4374269526 306176 0 48
4374269539 306176 0 0
4374269552 306176 0 0
4374269565 306176 0 0
4374269578 306176 0 0
4374269591 306176 0 0
4374269604 306176 0 0
4374269617 306176 0 0
4374269630 306176 0 0
4374269643 306176 0 0
4374269656 306176 0 0
4374269670 306176 0 0
4374269683 306176 0 0
4374269696 306176 0 0
4374269709 306176 0 0
4374269722 306176 0 0
4374269735 306176 0 0
4374269748 308491 0 5
4374269761 310806 0 5
4374269774 322681 0 36
4374269787 324696 0 0
4374269800 324696 0 0
4374269813 324696 0 0
4374269826 324696 0 0
4374269839 324696 0 0
4374269852 324696 0 0
4374269865 324696 0 0
4374269878 324696 0 0
4374269891 324696 0 0
4374269904 324696 0 0
4374269917 324696 0 0
4374269930 324696 0 0
4374269943 324696 0 0
4374269956 324696 0 0
4374269970 324696 0 0
4374269983 324696 0 0
4374269996 326570 0 4
4374270009 328444 0 4
4374270022 328444 0 0
4374270035 339688 0 25
4374270048 339688 0 0
4374270061 339688 0 0
4374270074 339688 0 0
4374270087 339688 0 0
4374270100 339688 0 0
4374270113 339688 0 0
4374270126 339688 0 0
4374270139 339688 0 0
4374270152 339688 0 0
4374270165 339688 0 0
4374270178 339688 0 0
4374270191 339688 0 0
4374270204 339688 0 0
4374270217 339688 0 0
4374270230 339688 0 0
4374270243 339688 0 0
4374270256 341290 0 4
4374270269 342892 0 4
4374270282 352504 0 24
4374270295 352504 0 0
4374270308 352504 0 0
4374270322 352504 0 0
4374270335 352504 0 0
4374270348 352504 0 0
4374270361 352504 0 0
4374270374 352504 0 0
4374270387 352504 0 0
4374270400 352504 0 0
4374270413 352504 0 0
4374270426 352504 0 0
4374270439 352504 0 0
4374270452 352504 0 0
4374270465 352504 0 0
4374270478 352504 0 0
4374270491 352504 0 0
4374270504 353756 0 3
4374270517 355008 0 0
4374270530 362520 0 15
4374270543 362520 0 0
4374270556 362520 0 0
4374270569 362520 0 0
4374270582 362520 0 0
4374270595 362520 0 0
4374270608 362520 0 0
4374270621 362520 0 0
4374270634 362520 0 0
4374270647 362520 0 0
4374270660 362520 0 0
4374270673 362520 0 0
4374270686 362520 0 0
4374270699 362520 0 0
4374270712 362520 0 0
4374270725 362520 0 0
4374270738 362520 0 0
4374270751 363502 0 0
4374270764 364484 0 3
4374270777 366185 0 6
4374270790 370376 0 12
4374270803 370376 0 0
4374270816 370376 0 0
4374270829 370376 0 0
4374270842 370376 0 0
4374270855 370376 0 0
4374270868 370376 0 0
4374270881 370376 0 0
4374270894 370376 0 0
4374270907 370376 0 0
4374270920 370376 0 0
4374270933 370376 0 0
4374270946 370376 0 0
4374270959 370376 0 0
4374270972 370376 0 0
4374270985 370376 0 0
4374270998 370468 0 3
4374271011 372170 0 3
4374271024 372170 0 0
4374271037 377552 0 12
4374271050 377552 0 0
4374271063 377552 0 0
4374271076 377552 0 0
4374271089 377552 0 0
4374271102 377552 0 0
4374271115 377552 0 0
4374271128 377552 0 0
4374271141 377552 0 0
4374271154 377552 0 0
4374271167 377552 0 0
4374271180 377552 0 0
4374271193 377552 0 0
4374271206 377552 0 0
4374271220 377552 0 0
4374271233 377552 0 0
4374271246 377552 0 0
4374271259 378273 0 3
4374271272 378994 0 0
4374271285 383320 0 6
4374271298 383320 0 0
4374271311 383320 0 0
4374271324 383320 0 0
4374271337 383320 0 0
4374271350 383320 0 0
4374271363 383320 0 0
4374271376 383320 0 0
4374271389 383320 0 0
4374271402 383320 0 0
4374271415 383320 0 0
4374271428 383320 0 0
4374271441 383320 0 0
4374271454 383320 0 0
4374271467 383320 0 0
4374271480 383320 0 0
4374271493 383320 0 0
4374271506 383941 0 0
4374271519 384562 0 2
4374271532 388288 0 8
4374271545 388288 0 0
4374271558 388288 0 0
4374271571 388288 0 0
4374271584 388288 0 0
4374271597 388288 0 0
4374271610 388288 0 0
4374271623 388288 0 0
4374271636 388288 0 0
4374271649 388288 0 0
4374271662 388288 0 0
4374271675 388288 0 0
4374271688 388288 0 0
4374271701 388288 0 0
4374271714 388288 0 0
4374271727 388288 0 0
4374271740 388288 0 0
4374271753 388769 0 2
4374271766 389250 0 0
4374271779 389731 0 0
4374271792 392136 0 4
4374271805 392136 0 0
4374271818 392136 0 0
4374271831 392136 0 0
4374271844 392136 0 0
4374271857 392136 0 0
4374271870 392136 0 0
4374271883 392136 0 0
4374271896 392136 0 0
4374271909 392136 0 0
4374271922 392136 0 0
4374271935 392136 0 0
4374271948 392136 0 0
4374271961 392136 0 0
4374271974 392136 0 0
4374271987 392136 0 0
4374272000 392136 0 0
4374272013 392932 0 2
4374272026 392932 0 0
4374272039 395320 0 8
4374272052 395320 0 0
4374272065 395320 0 0
4374272078 395320 0 0
4374272091 395320 0 0
4374272104 395320 0 0
4374272117 395320 0 0
4374272130 395320 0 0
4374272143 395320 0 0
4374272156 395320 0 0
4374272169 395320 0 0
4374272182 395320 0 0
4374272195 395320 0 0
4374272208 395320 0 0
4374272221 395320 0 0
4374272234 395320 0 0
4374272247 395320 0 0
4374272260 395667 0 2
4374272273 396014 0 0
4374272286 398096 0 4
4374272299 398096 0 0
4374272312 398096 0 0
4374272325 398096 0 0
4374272338 398096 0 0
4374272351 398096 0 0
4374272364 398096 0 0
4374272377 398096 0 0
4374272390 398096 0 0
4374272403 398096 0 0
4374272416 398096 0 0
4374272429 398096 0 0
4374272442 398096 0 0
4374272455 398096 0 0
4374272468 398096 0 0
4374272481 398096 0 0
4374272494 398096 0 0
4374272507 398345 0 0
4374272520 398594 0 2
4374272533 399881 0 8
4374272546 400088 0 0
4374272559 400088 0 0
4374272572 400088 0 0
4374272585 400088 0 0
4374272598 400088 0 0
4374272611 400088 0 0
4374272624 400088 0 0
4374272637 400088 0 0
4374272650 400088 0 0
4374272663 400088 0 0
4374272676 400088 0 0
4374272689 400088 0 0
4374272702 400088 0 0
4374272715 400088 0 0
4374272728 400088 0 0
4374272741 400088 0 0
4374272754 400325 0 2
4374272767 400562 0 0
4374272780 400562 0 0
4374272793 401984 0 4
4374272806 401984 0 0
4374272819 401984 0 0
4374272832 401984 0 0
4374272845 401984 0 0
4374272858 401984 0 0
4374272871 401984 0 0
4374272884 401984 0 0
4374272897 401984 0 0
4374272910 401984 0 0
4374272923 401984 0 0
4374272936 401984 0 0
4374272949 401984 0 0
4374272962 401984 0 0
4374272975 401984 0 0
4374272988 401984 0 0
4374273001 401984 0 0
4374273014 351735 0 1
4374273028 301488 0 0
4374273041 301490 0 30
read 390 profiled data
