4374257810 7878 0 5714
4374257823 56404 0 9500
4374257836 56404 0 0
4374257849 56404 0 0
4374257862 56404 0 0
4374257875 56404 0 0
4374257888 56404 0 0
4374257901 56404 0 0
4374257914 56404 0 0
4374257927 56404 0 0
4374257940 56404 0 0
4374257953 56404 0 0
4374257966 56404 0 0
4374257979 56404 0 0
4374257992 56404 0 0
4374258005 56404 0 0
4374258018 56404 0 0
4374258031 56404 0 0
4374258044 56404 0 0
4374258057 56404 0 0
4374258070 75594 0 297
4374258083 100954 0 283
4374258096 100954 0 0
4374258109 100954 0 0
4374258122 100954 0 0
4374258135 100954 0 0
4374258148 100954 0 0
4374258161 100954 0 0
4374258174 100954 0 0
4374258187 100954 0 0
4374258200 100954 0 0
4374258213 100954 0 0
4374258226 100954 0 0
4374258239 100954 0 0
4374258252 100954 0 0
4374258265 100954 0 0
4374258278 100954 0 0
4374258291 100954 0 0
4374258304 100954 0 0
4374258317 107001 0 38
4374258330 136287 0 223
4374258343 137236 0 0
4374258356 137236 0 0
4374258369 137236 0 0
4374258382 137236 0 0
4374258395 137236 0 0
4374258408 137236 0 0
4374258421 137236 0 0
4374258434 137236 0 0
4374258447 137236 0 0
4374258460 137236 0 0
4374258473 137236 0 0
4374258486 137236 0 0
4374258499 137236 0 0
4374258512 137236 0 0
4374258525 137236 0 0
4374258538 137236 0 0
4374258551 137236 0 0
4374258564 137236 0 0
4374258577 154645 0 113
4374258590 167566 0 50
4374258603 167566 0 0
4374258616 167566 0 0
4374258629 167566 0 0
4374258642 167566 0 0
4374258655 167566 0 0
4374258668 167566 0 0
4374258681 167566 0 0
4374258694 167566 0 0
4374258707 167566 0 0
4374258720 167566 0 0
4374258733 167566 0 0
4374258746 167566 0 0
4374258759 167566 0 0
4374258772 167566 0 0
4374258785 167566 0 0
4374258798 167566 0 0
4374258811 167566 0 0
4374258824 171666 0 9
4374258838 192166 0 85
4374258851 192166 0 0
4374258864 192166 0 0
4374258877 192166 0 0
4374258890 192166 0 0
4374258903 192166 0 0
4374258916 192166 0 0
4374258929 192166 0 0
4374258942 192166 0 0
4374258955 192166 0 0
4374258968 192166 0 0
4374258981 192166 0 0
4374258994 192166 0 0
4374259007 192166 0 0
4374259020 192166 0 0
4374259033 192166 0 0
4374259046 192166 0 0
4374259059 192166 0 0
4374259072 195249 0 15
4374259085 205918 0 21
4374259098 212794 0 22
4374259111 212794 0 0
4374259124 212794 0 0
4374259137 212794 0 0
4374259150 212794 0 0
4374259163 212794 0 0
4374259176 212794 0 0
4374259189 212794 0 0
4374259202 212794 0 0
4374259215 212794 0 0
4374259228 212794 0 0
4374259241 212794 0 0
4374259254 212794 0 0
4374259267 212794 0 0
4374259280 212794 0 0
4374259293 212794 0 0
4374259306 212794 0 0
4374259319 212794 0 0
4374259332 223347 0 38
4374259345 229636 0 18
4374259358 229636 0 0
4374259371 229636 0 0
4374259384 229636 0 0
4374259397 229636 0 0
4374259410 229636 0 0
4374259423 229636 0 0
4374259436 229636 0 0
4374259449 229636 0 0
4374259462 229636 0 0
4374259475 229636 0 0
4374259488 229636 0 0
4374259501 229636 0 0
4374259514 229636 0 0
4374259527 229636 0 0
4374259540 229636 0 0
4374259553 229636 0 0
4374259566 229636 0 0
4374259579 231951 0 5
4374259592 243526 0 25
4374259605 243526 0 0
4374259618 243526 0 0
4374259631 243526 0 0
4374259644 243526 0 0
4374259657 243526 0 0
4374259670 243526 0 0
4374259683 243526 0 0
4374259696 243526 0 0
4374259709 243526 0 0
4374259722 243526 0 0
4374259735 243526 0 0
4374259748 243526 0 0
4374259761 243526 0 0
4374259774 243526 0 0
4374259787 243526 0 0
4374259800 243526 0 0
4374259813 243526 0 0
4374259826 245400 0 4
4374259839 251022 0 12
4374259852 254770 0 8
4374259865 254770 0 0
4374259878 254770 0 0
4374259891 254770 0 0
4374259904 254770 0 0
4374259917 254770 0 0
4374259930 254770 0 0
4374259943 254770 0 0
4374259956 254770 0 0
4374259969 254770 0 0
4374259982 254770 0 0
4374259995 254770 0 0
4374260008 254770 0 0
4374260021 254770 0 0
4374260034 254770 0 0
4374260047 254770 0 0
4374260061 254770 0 0
4374260074 254770 0 0
4374260087 261178 0 16
4374260100 264382 0 4
4374260113 264382 0 0
4374260126 264382 0 0
4374260139 264382 0 0
4374260152 264382 0 0
4374260165 264382 0 0
4374260178 264382 0 0
4374260191 264382 0 0
4374260204 264382 0 0
4374260217 264382 0 0
4374260230 264382 0 0
4374260243 264382 0 0
4374260256 264382 0 0
4374260269 264382 0 0
4374260282 264382 0 0
4374260295 264382 0 0
4374260308 264382 0 0
4374260322 264382 0 0
4374260335 266886 0 6
4374260348 271894 0 9
4374260361 271894 0 0
4374260374 271894 0 0
4374260387 271894 0 0
4374260400 271894 0 0
4374260413 271894 0 0
4374260426 271894 0 0
4374260439 271894 0 0
4374260452 271894 0 0
4374260465 271894 0 0
4374260478 271894 0 0
4374260491 271894 0 0
4374260504 271894 0 0
4374260517 271894 0 0
4374260530 271894 0 0
4374260543 271894 0 0
4374260556 271894 0 0
4374260569 271894 0 0
4374260582 272876 0 0
4374260595 277786 0 9
4374260608 277786 0 0
4374260621 277786 0 0
4374260634 277786 0 0
4374260647 277786 0 0
4374260660 277786 0 0
4374260673 277786 0 0
4374260686 277786 0 0
4374260699 277786 0 0
4374260712 277786 0 0
4374260725 277786 0 0
4374260738 277786 0 0
4374260751 277786 0 0
4374260764 277786 0 0
4374260777 277786 0 0
4374260790 277786 0 0
4374260803 277786 0 0
4374260816 277786 0 0
4374260829 278683 0 3
4374260842 281374 0 9
4374260855 283168 0 6
4374260868 283168 0 0
4374260881 283168 0 0
4374260894 283168 0 0
4374260907 283168 0 0
4374260920 283168 0 0
4374260933 283168 0 0
4374260946 283168 0 0
4374260959 283168 0 0
4374260972 283168 0 0
4374260985 283168 0 0
4374260998 283168 0 0
4374261011 283168 0 0
4374261024 283168 0 0
4374261037 283168 0 0
4374261050 283168 0 0
4374261063 283168 0 0
4374261076 283168 0 0
4374261090 286052 0 9
4374261103 287494 0 3
4374261116 287494 0 0
4374261129 287494 0 0
4374261142 287494 0 0
4374261155 287494 0 0
4374261168 287494 0 0
4374261181 287494 0 0
4374261194 287494 0 0
4374261207 287494 0 0
4374261220 287494 0 0
4374261233 287494 0 0
4374261246 287494 0 0
4374261259 287494 0 0
4374261272 287494 0 0
4374261285 287494 0 0
4374261298 287494 0 0
4374261311 287494 0 0
4374261324 287494 0 0
4374261337 288736 0 0
4374261350 291220 0 6
4374261363 291220 0 0
4374261376 291220 0 0
4374261389 291220 0 0
4374261402 291220 0 0
4374261415 291220 0 0
4374261428 291220 0 0
4374261441 291220 0 0
4374261454 291220 0 0
4374261467 291220 0 0
4374261480 291220 0 0
4374261493 291220 0 0
4374261506 291220 0 0
4374261519 291220 0 0
4374261532 291220 0 0
4374261545 291220 0 0
4374261558 291220 0 0
4374261571 291220 0 0
4374261584 291701 0 2
4374261597 293144 0 4
4374261610 294106 0 0
4374261623 294106 0 0
4374261636 294106 0 0
4374261649 294106 0 0
4374261662 294106 0 0
4374261675 294106 0 0
4374261688 294106 0 0
4374261701 294106 0 0
4374261714 294106 0 0
4374261727 294106 0 0
4374261740 294106 0 0
4374261753 294106 0 0
4374261766 294106 0 0
4374261779 294106 0 0
4374261792 294106 0 0
4374261805 294106 0 0
4374261818 294106 0 0
4374261831 294504 0 0
4374261844 295698 0 2
4374261857 296494 0 4
4374261870 296494 0 0
4374261883 296494 0 0
4374261896 296494 0 0
4374261909 296494 0 0
4374261922 296494 0 0
4374261935 296494 0 0
4374261948 296494 0 0
4374261961 296494 0 0
4374261974 296494 0 0
4374261987 296494 0 0
4374262000 296494 0 0
4374262013 296494 0 0
4374262026 296494 0 0
4374262039 296494 0 0
4374262052 296494 0 0
4374262065 296494 0 0
4374262078 296494 0 0
4374262091 297882 0 4
4374262104 298576 0 0
4374262117 298576 0 0
4374262130 298576 0 0
4374262143 298576 0 0
4374262156 298576 0 0
4374262170 298576 0 0
4374262183 298576 0 0
4374262196 298576 0 0
4374262209 298576 0 0
4374262222 298576 0 0
4374262235 298576 0 0
4374262248 298576 0 0
4374262261 298576 0 0
4374262274 298576 0 0
4374262287 298576 0 0
4374262300 298576 0 0
4374262313 298576 0 0
4374262326 298576 0 0
4374262339 299074 0 2
4374262352 300070 0 6
4374262365 300070 0 0
4374262378 300070 0 0
4374262391 300070 0 0
4374262404 300070 0 0
4374262417 300070 0 0
4374262430 300070 0 0
4374262443 300070 0 0
4374262456 300070 0 0
4374262469 300070 0 0
4374262482 300070 0 0
4374262495 300070 0 0
4374262508 300070 0 0
4374262522 300070 0 0
4374262535 300070 0 0
4374262548 300070 0 0
4374262561 300070 0 0
4374262574 300070 0 0
4374262587 300307 0 0
4374262601 301492 0 10
4374262614 301492 0 0
4374262627 301492 0 0
4374262640 301492 0 0
4374262653 301492 0 0
4374262666 301492 0 0
4374262679 301492 0 0
4374262692 301492 0 0
4374262705 301492 0 0
4374262718 301492 0 0
4374262731 301492 0 0
4374262744 301492 0 0
4374262757 301492 0 0
4374262771 301492 0 0
4374262784 301492 0 0
4374262797 301492 0 0
4374262810 301492 0 0
4374262823 301492 0 0
4374262836 301493 0 7
4374262849 100495 0 0
read 388 profiled data
