4374329606 123 0 833
4374329619 56732 1 11600
4374329632 123698 2 7364
4374329645 187994 2 4312
4374329658 187994 2 0
4374329671 187994 2 0
4374329684 187994 2 0
4374329697 187994 2 0
4374329710 187994 2 0
4374329723 187994 2 0
4374329736 187994 2 0
4374329749 187994 2 0
4374329762 187994 2 0
4374329775 187994 2 0
4374329788 187994 2 0
4374329801 187994 2 0
4374329814 187994 2 0
4374329827 187994 2 0
4374329840 187994 2 0
4374329853 187994 2 0
4374329866 195419 2 110
4374329879 215813 2 280
4374329892 253047 2 499
4374329905 323943 2 832
4374329918 336494 2 90
4374329931 336494 2 0
4374329944 336494 2 0
4374329957 336494 2 0
4374329970 336494 2 0
4374329983 336494 2 0
4374329996 336494 2 0
4374330009 336494 2 0
4374330022 336494 2 0
4374330035 336494 2 0
4374330048 336494 2 0
4374330061 336494 2 0
4374330074 336494 2 0
4374330087 336494 2 0
4374330100 336494 2 0
4374330113 336494 2 0
4374330126 348588 2 74
4374330139 372776 2 182
4374330152 378823 2 35
4374330165 436942 2 398
4374330178 457434 2 119
4374330191 457434 2 0
4374330204 457434 2 0
4374330217 457434 2 0
4374330230 457434 2 0
4374330243 457434 2 0
4374330256 457434 2 0
4374330269 457434 2 0
4374330282 457434 2 0
4374330295 457434 2 0
4374330308 457434 2 0
4374330321 457434 2 0
4374330334 457434 2 0
4374330347 457434 2 0
4374330360 457434 2 0
4374330373 462489 2 25
4374330386 477654 2 62
4374330399 492819 2 60
4374330412 497874 2 24
4374330425 555034 2 264
4374330438 558534 2 0
4374330451 558534 2 0
4374330464 558534 2 0
4374330477 558534 2 0
4374330492 558534 2 0
4374330505 558534 2 0
4374330518 558534 2 0
4374330531 558534 2 0
4374330544 558534 2 0
4374330557 558534 2 0
4374330570 558534 2 0
4374330583 558534 2 0
4374330596 558534 2 0
4374330609 558534 2 0
4374330622 562634 2 9
4374330635 573742 2 47
4374330648 587033 2 54
4374330661 587234 2 0
4374330675 605085 2 90
4374330688 640534 2 117
4374330701 640534 2 0
4374330714 640534 2 0
4374330727 640534 2 0
4374330740 640534 2 0
4374330753 640534 2 0
4374330766 640534 2 0
4374330779 640534 2 0
4374330792 640534 2 0
4374330805 640534 2 0
4374330818 640534 2 0
4374330831 640534 2 0
4374330844 640534 2 0
4374330857 640534 2 0
4374330870 643004 2 15
4374330883 647410 2 7
4374330896 661162 2 52
4374330909 664600 2 7
4374330922 671476 2 14
4374330935 700058 2 91
4374330948 709294 2 21
4374330961 709294 2 0
4374330974 709294 2 0
4374330987 709294 2 0
4374331000 709294 2 0
4374331013 709294 2 0
4374331026 709294 2 0
4374331039 709294 2 0
4374331052 709294 2 0
4374331065 709294 2 0
4374331078 709294 2 0
4374331091 709294 2 0
4374331104 709294 2 0
4374331117 709294 2 0
4374331130 714602 2 12
4374331143 720522 2 18
4374331156 728943 2 18
4374331169 731750 2 12
4374331182 740199 2 30
4374331195 765434 2 66
4374331208 765434 2 0
4374331221 765434 2 0
4374331234 765434 2 0
4374331247 765434 2 0
4374331260 765434 2 0
4374331273 765434 2 0
4374331286 765434 2 0
4374331299 765434 2 0
4374331312 765434 2 0
4374331325 765434 2 0
4374331338 765434 2 0
4374331351 765434 2 0
4374331364 765434 2 0
4374331377 767749 2 5
4374331390 774694 2 15
4374331403 781639 2 15
4374331416 781639 2 0
4374331429 788584 2 15
4374331442 810357 2 55
4374331455 811734 2 0
4374331468 811734 2 0
4374331481 811734 2 0
4374331494 811734 2 0
4374331507 811734 2 0
4374331520 811734 2 0
4374331533 811734 2 0
4374331546 811734 2 0
4374331559 811734 2 0
4374331572 811734 2 0
4374331585 811734 2 0
4374331598 811734 2 0
4374331611 811734 2 0
4374331624 813608 2 4
4374331637 815482 2 4
4374331650 822978 2 16
4374331663 824852 2 4
4374331676 828600 2 8
4374331689 836337 2 20
4374331703 849214 2 21
4374331716 849214 2 0
4374331729 849214 2 0
4374331742 849214 2 0
4374331755 849214 2 0
4374331768 849214 2 0
4374331781 849214 2 0
4374331794 849214 2 0
4374331807 849214 2 0
4374331820 849214 2 0
4374331833 849214 2 0
4374331846 849214 2 0
4374331859 849214 2 0
4374331872 849214 2 0
4374331885 852418 2 8
4374331899 858826 2 16
4374331912 860428 2 4
4374331925 863632 2 4
4374331938 868438 2 8
4374331951 881254 2 32
4374331964 881254 2 0
4374331977 881254 2 0
4374331990 881254 2 0
4374332003 881254 2 0
4374332016 881254 2 0
4374332029 881254 2 0
4374332042 881254 2 0
4374332055 881254 2 0
4374332068 881254 2 0
4374332081 881254 2 0
4374332094 881254 2 0
4374332107 881254 2 0
4374332120 881254 2 0
4374332133 882506 2 3
4374332146 886262 2 6
4374332159 890018 2 9
4374332172 891270 2 0
4374332185 895026 2 6
4374332198 906294 2 24
4374332211 906294 2 0
4374332224 906294 2 0
4374332237 906294 2 0
4374332250 906294 2 0
4374332263 906294 2 0
4374332276 906294 2 0
4374332289 906294 2 0
4374332302 906294 2 0
4374332315 906294 2 0
4374332328 906294 2 0
4374332341 906294 2 0
4374332354 906294 2 0
4374332367 906294 2 0
4374332380 907276 2 0
4374332393 910222 2 6
4374332406 913168 2 0
4374332419 913168 2 0
4374332432 916114 2 9
4374332445 923060 2 9
4374332458 925934 2 3
4374332471 925934 2 0
4374332484 925934 2 0
4374332497 925934 2 0
4374332510 925934 2 0
4374332523 925934 2 0
4374332536 925934 2 0
4374332549 925934 2 0
4374332562 925934 2 0
4374332575 925934 2 0
4374332588 925934 2 0
4374332601 925934 2 0
4374332614 925934 2 0
4374332627 926831 2 3
4374332640 927728 2 3
4374332653 931316 2 6
4374332666 932213 2 3
4374332679 934007 2 3
4374332692 937768 2 15
4374332705 943874 2 12
4374332718 943874 2 0
4374332731 943874 2 0
4374332744 943874 2 0
4374332757 943874 2 0
4374332770 943874 2 0
4374332783 943874 2 0
4374332796 943874 2 0
4374332809 943874 2 0
4374332822 943874 2 0
4374332835 943874 2 0
4374332848 943874 2 0
4374332861 943874 2 0
4374332874 943874 2 0
4374332887 945316 2 0
4374332900 947479 2 3
4374332913 948921 2 6
4374332926 950363 2 3
4374332939 952526 2 2
4374332952 957573 2 18
4374332965 958294 2 2
4374332978 958294 2 0
4374332991 958294 2 0
4374333004 958294 2 0
4374333017 958294 2 0
4374333030 958294 2 0
4374333043 958294 2 0
4374333056 958294 2 0
4374333069 958294 2 0
4374333082 958294 2 0
4374333095 958294 2 0
4374333108 958294 2 0
4374333121 958294 2 0
4374333134 958915 2 2
4374333148 960778 2 4
4374333164 962653 2 2
4374333177 963898 10 2
4374333194 965622 23 7
4374333208 967163 26 30
4374333221 969518 26 12
4374333241 969583 26 12
4374333254 969583 26 0
4374333267 970252 26 12
4374333280 970593 26 4
4374333295 970730 26 0
4374333308 970730 26 0
4374333321 970730 26 0
4374333334 970730 26 0
4374333347 970730 26 0
4374333360 970730 26 0
4374333373 970730 26 0
4374333388 970730 26 0
4374333401 970733 26 2
4374333414 970999 26 2
4374333431 972568 38 6
4374333444 973806 44 4
4374333457 973936 56 2
4374333471 975823 58 6
4374333484 977170 74 4
4374333497 977170 74 0
4374333510 977808 110 7
4374333523 977914 121 0
4374333536 978556 133 0
4374333549 979103 137 4
4374333562 979229 145 0
4374333576 979850 213 4
4374333590 980037 234 19
4374333603 980874 457 8
4374333616 981680 797 15
4374333629 982022 1105 8
4374333642 982724 1344 6
4374333655 982972 1650 9
4374333668 983275 2140 11
4374333682 984319 2778 13
4374333695 985538 2986 6
4374333710 985863 3041 0
4374333723 985878 3041 0
4374333736 987943 3298 8
4374333749 988116 3333 0
4374333762 988770 3349 0
4374333775 989025 3386 0
4374333788 989168 3413 0
4374333801 989620 3413 2
4374333814 989620 3413 0
4374333827 989620 3413 0
4374333840 990108 3438 4
4374333853 990335 3498 6
4374333866 991190 3807 13
4374333880 991400 3964 8
4374333893 991420 3973 2
4374333906 991709 4056 0
4374333919 992667 5002 31
4374333936 993242 5121 6
4374333949 994250 5297 11
4374333962 994789 5805 8
4374333975 995446 6294 10
4374333988 996036 6704 17
4374334001 996465 6981 10
4374334014 996582 7304 11
4374334029 997560 7601 18
4374334043 998303 8147 21
4374334056 998659 8178 4
4374334069 998683 8264 2
4374334082 998683 8264 0
4374334095 998689 8266 6
4374334108 998966 8307 2
4374334121 999683 8490 2
4374334134 1000059 8892 11
4374334147 1000059 8892 0
4374334160 1000090 8902 0
4374334173 1000608 9201 10
4374334186 1001324 9958 21
4374334199 1001916 10306 8
4374334213 1002336 10469 10
4374334226 1002907 10789 14
4374334239 1002912 10792 0
4374334252 1002913 10793 0
4374334265 1003462 11053 12
4374334278 1003617 11145 4
4374334292 1004474 11652 20
4374334306 1005185 12341 26
4374334319 1005223 12403 0
4374334332 1005305 12649 10
4374334345 1005418 12951 6
4374334358 1005573 13383 6
4374334371 1006060 13715 6
4374334384 1006111 13785 4
4374334397 1006330 14195 4
4374334410 1006333 14207 0
4374334423 1006421 14340 4
4374334436 1006429 14350 2
4374334449 1006439 14360 6
4374334462 1006466 14376 10
4374334477 1006494 14392 8
4374334488 1007328 14753 30
4374334501 1007952 15242 24
4374334515 1008797 16036 34
4374334528 1009237 16736 22
4374334541 1009637 17064 32
4374334554 1009971 17402 22
4374334567 1010655 18216 46
4374334580 1010882 18764 26
4374334593 1010976 19114 10
4374334606 1011011 19273 5
4374334619 1011114 19572 9
4374334632 1011646 20396 23
4374334645 1011771 20715 8
4374334658 1012003 21152 9
4374334671 1012008 21157 0
4374334684 1012008 21157 0
4374334697 1012008 21157 0
4374334710 1012008 21157 0
4374334723 1012008 21157 0
4374334736 1012008 21157 0
4374334754 1012054 21213 8
4374334767 1012060 21250 8
4374334780 1012142 21359 9
4374334793 1012153 21394 4
4374334806 1012204 21540 10
4374334819 1012240 21601 8
4374334832 707856 19448 4
4374334845 707857 19449 0
4374334858 707858 19459 2
4374334872 707859 19461 0
4374334885 657588 19572 18
4374334898 607038 19096 7
4374334912 506119 18412 5
4374334925 404418 16646 2
4374334939 404420 16647 0
4374334952 404427 16665 4
4374334965 404428 16666 0
4374334978 404464 16781 7
4374334991 303405 15557 8
4374335004 303751 16391 44
4374335017 304040 17168 28
4374335030 304252 17878 30
4374335043 253537 16284 5
4374335056 253537 16284 0
4374335069 253537 16284 0
4374335082 253537 16284 0
4374335095 253537 16284 0
4374335108 253537 16284 0
4374335121 253537 16284 0
4374335134 253537 16284 0
4374335147 253537 16284 0
4374335160 253537 16284 0
4374335173 253537 16284 0
4374335186 253537 16284 0
4374335199 253537 16284 0
4374335212 253537 16284 0
4374335225 253537 16284 0
4374335238 253537 16284 0
4374335251 253537 16284 0
4374335264 202911 15237 0
4374335277 152179 12442 1
4374335290 51088 3204 7
read 434 profiled data
