4374237580 2327 0 1666
4374237593 18799 0 2630
4374237606 18799 0 0
4374237619 18799 0 0
4374237632 18799 0 0
4374237645 18799 0 0
4374237658 18799 0 0
4374237671 18799 0 0
4374237684 18799 0 0
4374237697 18799 0 0
4374237710 18799 0 0
4374237723 18799 0 0
4374237736 18799 0 0
4374237749 18799 0 0
4374237762 18799 0 0
4374237775 18799 0 0
4374237788 18799 0 0
4374237801 18799 0 0
4374237814 18799 0 0
4374237827 18799 0 0
4374237840 33649 0 262
4374237853 33649 0 0
4374237866 33649 0 0
4374237879 33649 0 0
4374237892 33649 0 0
4374237905 33649 0 0
4374237918 33649 0 0
4374237931 33649 0 0
4374237944 33649 0 0
4374237957 33649 0 0
4374237970 33649 0 0
4374237983 33649 0 0
4374237996 33649 0 0
4374238009 33649 0 0
4374238022 33649 0 0
4374238035 33649 0 0
4374238048 33649 0 0
4374238061 33649 0 0
4374238074 33649 0 0
4374238087 34884 0 19
4374238100 45743 0 57
4374238113 45743 0 0
4374238126 45743 0 0
4374238139 45743 0 0
4374238152 45743 0 0
4374238165 45743 0 0
4374238178 45743 0 0
4374238191 45743 0 0
4374238204 45743 0 0
4374238217 45743 0 0
4374238230 45743 0 0
4374238243 45743 0 0
4374238256 45743 0 0
4374238269 45743 0 0
4374238282 45743 0 0
4374238295 45743 0 0
4374238308 45743 0 0
4374238321 45743 0 0
4374238334 45743 0 0
4374238347 55853 0 76
4374238360 55853 0 0
4374238373 55853 0 0
4374238386 55853 0 0
4374238399 55853 0 0
4374238412 55853 0 0
4374238425 55853 0 0
4374238438 55853 0 0
4374238451 55853 0 0
4374238464 55853 0 0
4374238477 55853 0 0
4374238490 55853 0 0
4374238503 55853 0 0
4374238516 55853 0 0
4374238529 55853 0 0
4374238542 55853 0 0
4374238555 55853 0 0
4374238568 55853 0 0
4374238581 55853 0 0
4374238594 63417 0 38
4374238607 64053 0 0
4374238620 64053 0 0
4374238633 64053 0 0
4374238646 64053 0 0
4374238659 64053 0 0
4374238672 64053 0 0
4374238685 64053 0 0
4374238698 64053 0 0
4374238711 64053 0 0
4374238724 64053 0 0
4374238737 64053 0 0
4374238750 64053 0 0
4374238763 64053 0 0
4374238776 64053 0 0
4374238789 64053 0 0
4374238802 64053 0 0
4374238815 64053 0 0
4374238828 64053 0 0
4374238841 64053 0 0
4374238854 70929 0 22
4374238867 70929 0 0
4374238880 70929 0 0
4374238893 70929 0 0
4374238906 70929 0 0
4374238919 70929 0 0
4374238932 70929 0 0
4374238945 70929 0 0
4374238958 70929 0 0
4374238971 70929 0 0
4374238984 70929 0 0
4374238997 70929 0 0
4374239010 70929 0 0
4374239023 70929 0 0
4374239036 70929 0 0
4374239049 70929 0 0
4374239062 70929 0 0
4374239075 70929 0 0
4374239088 70929 0 0
4374239101 76543 0 19
4374239114 76543 0 0
4374239127 76543 0 0
4374239140 76543 0 0
4374239153 76543 0 0
4374239166 76543 0 0
4374239179 76543 0 0
4374239192 76543 0 0
4374239205 76543 0 0
4374239218 76543 0 0
4374239231 76543 0 0
4374239244 76543 0 0
4374239257 76543 0 0
4374239270 76543 0 0
4374239283 76543 0 0
4374239296 76543 0 0
4374239309 76543 0 0
4374239322 76543 0 0
4374239335 76543 0 0
4374239348 80218 0 16
4374239361 81173 0 0
4374239374 81173 0 0
4374239387 81173 0 0
4374239400 81173 0 0
4374239413 81173 0 0
4374239426 81173 0 0
4374239439 81173 0 0
4374239452 81173 0 0
4374239465 81173 0 0
4374239478 81173 0 0
4374239491 81173 0 0
4374239504 81173 0 0
4374239517 81173 0 0
4374239530 81173 0 0
4374239543 81173 0 0
4374239556 81173 0 0
4374239569 81173 0 0
4374239582 81173 0 0
4374239595 81173 0 0
4374239608 84921 0 8
4374239621 84921 0 0
4374239634 84921 0 0
4374239647 84921 0 0
4374239660 84921 0 0
4374239673 84921 0 0
4374239686 84921 0 0
4374239699 84921 0 0
4374239712 84921 0 0
4374239725 84921 0 0
4374239738 84921 0 0
4374239751 84921 0 0
4374239764 84921 0 0
4374239777 84921 0 0
4374239790 84921 0 0
4374239803 84921 0 0
4374239816 84921 0 0
4374239829 84921 0 0
4374239842 84921 0 0
4374239855 88125 0 4
4374239868 88125 0 0
4374239881 88125 0 0
4374239894 88125 0 0
4374239907 88125 0 0
4374239920 88125 0 0
4374239933 88125 0 0
4374239946 88125 0 0
4374239959 88125 0 0
4374239972 88125 0 0
4374239985 88125 0 0
4374239998 88125 0 0
4374240011 88125 0 0
4374240024 88125 0 0
4374240037 88125 0 0
4374240050 88125 0 0
4374240063 88125 0 0
4374240076 88125 0 0
4374240089 88125 0 0
4374240102 90629 0 3
4374240115 90629 0 0
4374240128 90629 0 0
4374240141 90629 0 0
4374240154 90629 0 0
4374240167 90629 0 0
4374240180 90629 0 0
4374240193 90629 0 0
4374240206 90629 0 0
4374240219 90629 0 0
4374240232 90629 0 0
4374240245 90629 0 0
4374240258 90629 0 0
4374240271 90629 0 0
4374240284 90629 0 0
4374240297 90629 0 0
4374240310 90629 0 0
4374240323 90629 0 0
4374240336 90629 0 0
4374240349 90629 0 0
4374240362 92593 0 6
4374240375 92593 0 0
4374240388 92593 0 0
4374240401 92593 0 0
4374240414 92593 0 0
4374240427 92593 0 0
4374240440 92593 0 0
4374240453 92593 0 0
4374240466 92593 0 0
4374240479 92593 0 0
4374240492 92593 0 0
4374240505 92593 0 0
4374240518 92593 0 0
4374240531 92593 0 0
4374240544 92593 0 0
4374240557 92593 0 0
4374240570 92593 0 0
4374240583 92593 0 0
4374240596 92593 0 0
4374240609 94387 0 3
4374240622 94387 0 0
4374240635 94387 0 0
4374240648 94387 0 0
4374240661 94387 0 0
4374240674 94387 0 0
4374240687 94387 0 0
4374240700 94387 0 0
4374240713 94387 0 0
4374240726 94387 0 0
4374240739 94387 0 0
4374240752 94387 0 0
4374240765 94387 0 0
4374240778 94387 0 0
4374240791 94387 0 0
4374240804 94387 0 0
4374240817 94387 0 0
4374240830 94387 0 0
4374240843 94387 0 0
4374240856 95829 0 3
4374240869 95829 0 0
4374240882 95829 0 0
4374240895 95829 0 0
4374240908 95829 0 0
4374240921 95829 0 0
4374240934 95829 0 0
4374240947 95829 0 0
4374240960 95829 0 0
4374240973 95829 0 0
4374240986 95829 0 0
4374240999 95829 0 0
4374241012 95829 0 0
4374241025 95829 0 0
4374241038 95829 0 0
4374241051 95829 0 0
4374241064 95829 0 0
4374241077 95829 0 0
4374241090 95829 0 0
4374241103 95982 0 2
4374241116 97071 0 2
4374241129 97071 0 0
4374241142 97071 0 0
4374241155 97071 0 0
4374241168 97071 0 0
4374241181 97071 0 0
4374241194 97071 0 0
4374241207 97071 0 0
4374241220 97071 0 0
4374241233 97071 0 0
4374241246 97071 0 0
4374241259 97071 0 0
4374241272 97071 0 0
4374241285 97071 0 0
4374241298 97071 0 0
4374241311 97071 0 0
4374241324 97071 0 0
4374241337 97071 0 0
4374241350 97071 0 0
4374241363 98033 0 0
4374241376 98033 0 0
4374241389 98033 0 0
4374241402 98033 0 0
4374241415 98033 0 0
4374241428 98033 0 0
4374241441 98033 0 0
4374241454 98033 0 0
4374241467 98033 0 0
4374241480 98033 0 0
4374241493 98033 0 0
4374241506 98033 0 0
4374241519 98033 0 0
4374241532 98033 0 0
4374241545 98033 0 0
4374241558 98033 0 0
4374241571 98033 0 0
4374241584 98033 0 0
4374241597 98033 0 0
4374241610 98829 0 4
4374241623 98829 0 0
4374241636 98829 0 0
4374241649 98829 0 0
4374241662 98829 0 0
4374241675 98829 0 0
4374241688 98829 0 0
4374241701 98829 0 0
4374241714 98829 0 0
4374241727 98829 0 0
4374241740 98829 0 0
4374241753 98829 0 0
4374241766 98829 0 0
4374241779 98829 0 0
4374241792 98829 0 0
4374241805 98829 0 0
4374241818 98829 0 0
4374241831 98829 0 0
4374241844 98829 0 0
4374241857 99523 0 0
4374241870 99523 0 0
4374241883 99523 0 0
4374241896 99523 0 0
4374241909 99523 0 0
4374241922 99523 0 0
4374241935 99523 0 0
4374241948 99523 0 0
4374241961 99523 0 0
4374241974 99523 0 0
4374241987 99523 0 0
4374242000 99523 0 0
4374242013 99523 0 0
4374242026 99523 0 0
4374242039 99523 0 0
4374242052 99523 0 0
4374242065 99523 0 0
4374242078 99523 0 0
4374242091 99523 0 0
4374242104 99523 0 0
4374242117 100021 0 2
4374242130 100021 0 0
4374242143 100021 0 0
4374242156 100021 0 0
4374242169 100021 0 0
4374242182 100021 0 0
4374242195 100021 0 0
4374242208 100021 0 0
4374242221 100021 0 0
4374242234 100021 0 0
4374242247 100021 0 0
4374242260 100021 0 0
4374242273 100021 0 0
4374242286 100021 0 0
4374242299 100021 0 0
4374242312 100021 0 0
4374242325 100021 0 0
4374242338 100021 0 0
4374242351 100021 0 0
4374242364 100495 0 2
4374242377 100495 0 0
4374242390 100495 0 0
4374242403 100495 0 0
4374242416 100495 0 0
4374242429 100495 0 0
4374242442 100495 0 0
4374242455 100495 0 0
4374242468 100495 0 0
4374242481 100495 0 0
4374242494 100495 0 0
4374242507 100495 0 0
4374242520 100495 0 0
4374242533 100495 0 0
4374242546 100495 0 0
4374242559 100495 0 0
4374242572 100495 0 0
4374242585 100495 0 0
4374242598 100495 0 0
read 387 profiled data
