4374247687 0 0 0
4374247700 37598 0 8887
4374247713 37598 0 0
4374247726 37598 0 0
4374247739 37598 0 0
4374247752 37598 0 0
4374247765 37598 0 0
4374247778 37598 0 0
4374247791 37598 0 0
4374247804 37598 0 0
4374247817 37598 0 0
4374247830 37598 0 0
4374247843 37598 0 0
4374247856 37598 0 0
4374247869 37598 0 0
4374247882 37598 0 0
4374247895 37598 0 0
4374247908 37598 0 0
4374247921 37598 0 0
4374247934 37598 0 0
4374247947 55181 0 300
4374247960 67298 0 106
4374247973 67298 0 0
4374247986 67298 0 0
4374247999 67298 0 0
4374248012 67298 0 0
4374248025 67298 0 0
4374248038 67298 0 0
4374248051 67298 0 0
4374248064 67298 0 0
4374248077 67298 0 0
4374248090 67298 0 0
4374248103 67298 0 0
4374248116 67298 0 0
4374248129 67298 0 0
4374248142 67298 0 0
4374248155 67298 0 0
4374248168 67298 0 0
4374248181 67298 0 0
4374248194 67298 0 0
4374248207 91486 0 171
4374248220 91486 0 0
4374248233 91486 0 0
4374248246 91486 0 0
4374248259 91486 0 0
4374248272 91486 0 0
4374248285 91486 0 0
4374248298 91486 0 0
4374248311 91486 0 0
4374248324 91486 0 0
4374248337 91486 0 0
4374248350 91486 0 0
4374248363 91486 0 0
4374248376 91486 0 0
4374248389 91486 0 0
4374248402 91486 0 0
4374248415 91486 0 0
4374248428 91486 0 0
4374248441 91486 0 0
4374248454 103470 0 74
4374248467 111706 0 24
4374248480 111706 0 0
4374248493 111706 0 0
4374248506 111706 0 0
4374248519 111706 0 0
4374248532 111706 0 0
4374248545 111706 0 0
4374248558 111706 0 0
4374248571 111706 0 0
4374248584 111706 0 0
4374248597 111706 0 0
4374248610 111706 0 0
4374248623 111706 0 0
4374248636 111706 0 0
4374248649 111706 0 0
4374248662 111706 0 0
4374248675 111706 0 0
4374248688 111706 0 0
4374248701 115806 0 19
4374248714 128106 0 57
4374248727 128106 0 0
4374248740 128106 0 0
4374248753 128106 0 0
4374248766 128106 0 0
4374248779 128106 0 0
4374248792 128106 0 0
4374248805 128106 0 0
4374248818 128106 0 0
4374248831 128106 0 0
4374248844 128106 0 0
4374248857 128106 0 0
4374248870 128106 0 0
4374248883 128106 0 0
4374248896 128106 0 0
4374248909 128106 0 0
4374248922 128106 0 0
4374248935 128106 0 0
4374248948 128106 0 0
4374248961 141858 0 52
4374248974 141858 0 0
4374248987 141858 0 0
4374249000 141858 0 0
4374249013 141858 0 0
4374249026 141858 0 0
4374249039 141858 0 0
4374249052 141858 0 0
4374249065 141858 0 0
4374249078 141858 0 0
4374249091 141858 0 0
4374249104 141858 0 0
4374249117 141858 0 0
4374249130 141858 0 0
4374249143 141858 0 0
4374249156 141858 0 0
4374249169 141858 0 0
4374249182 141858 0 0
4374249195 141858 0 0
4374249208 147472 0 12
4374249221 153086 0 24
4374249234 153086 0 0
4374249247 153086 0 0
4374249260 153086 0 0
4374249273 153086 0 0
4374249286 153086 0 0
4374249299 153086 0 0
4374249312 153086 0 0
4374249325 153086 0 0
4374249338 153086 0 0
4374249351 153086 0 0
4374249364 153086 0 0
4374249377 153086 0 0
4374249390 153086 0 0
4374249403 153086 0 0
4374249416 153086 0 0
4374249429 153086 0 0
4374249442 153086 0 0
4374249455 155029 0 11
4374249468 162346 0 15
4374249481 162346 0 0
4374249494 162346 0 0
4374249507 162346 0 0
4374249520 162346 0 0
4374249533 162346 0 0
4374249546 162346 0 0
4374249559 162346 0 0
4374249572 162346 0 0
4374249585 162346 0 0
4374249598 162346 0 0
4374249611 162346 0 0
4374249624 162346 0 0
4374249637 162346 0 0
4374249650 162346 0 0
4374249663 162346 0 0
4374249676 162346 0 0
4374249689 162346 0 0
4374249702 162346 0 0
4374249715 169842 0 26
4374249728 169842 0 0
4374249741 169842 0 0
4374249754 169842 0 0
4374249767 169842 0 0
4374249780 169842 0 0
4374249793 169842 0 0
4374249806 169842 0 0
4374249819 169842 0 0
4374249832 169842 0 0
4374249845 169842 0 0
4374249858 169842 0 0
4374249871 169842 0 0
4374249884 169842 0 0
4374249897 169842 0 0
4374249910 169842 0 0
4374249923 169842 0 0
4374249936 169842 0 0
4374249949 169842 0 0
4374249962 173046 0 8
4374249975 176250 0 4
4374249988 176250 0 0
4374250001 176250 0 0
4374250014 176250 0 0
4374250027 176250 0 0
4374250040 176250 0 0
4374250053 176250 0 0
4374250066 176250 0 0
4374250079 176250 0 0
4374250092 176250 0 0
4374250105 176250 0 0
4374250118 176250 0 0
4374250131 176250 0 0
4374250144 176250 0 0
4374250157 176250 0 0
4374250170 176250 0 0
4374250183 176250 0 0
4374250196 176250 0 0
4374250209 177502 0 3
4374250222 181258 0 6
4374250235 181258 0 0
4374250248 181258 0 0
4374250261 181258 0 0
4374250274 181258 0 0
4374250287 181258 0 0
4374250300 181258 0 0
4374250313 181258 0 0
4374250326 181258 0 0
4374250339 181258 0 0
4374250352 181258 0 0
4374250365 181258 0 0
4374250378 181258 0 0
4374250391 181258 0 0
4374250404 181258 0 0
4374250417 181258 0 0
4374250430 181258 0 0
4374250443 181258 0 0
4374250456 181258 0 0
4374250469 185186 0 9
4374250482 185186 0 0
4374250495 185186 0 0
4374250508 185186 0 0
4374250521 185186 0 0
4374250534 185186 0 0
4374250547 185186 0 0
4374250560 185186 0 0
4374250573 185186 0 0
4374250586 185186 0 0
4374250599 185186 0 0
4374250612 185186 0 0
4374250625 185186 0 0
4374250638 185186 0 0
4374250651 185186 0 0
4374250664 185186 0 0
4374250677 185186 0 0
4374250690 185186 0 0
4374250703 185186 0 0
4374250716 187699 0 6
4374250729 188774 0 3
4374250742 188774 0 0
4374250755 188774 0 0
4374250768 188774 0 0
4374250781 188774 0 0
4374250794 188774 0 0
4374250807 188774 0 0
4374250820 188774 0 0
4374250833 188774 0 0
4374250846 188774 0 0
4374250859 188774 0 0
4374250872 188774 0 0
4374250885 188774 0 0
4374250898 188774 0 0
4374250911 188774 0 0
4374250924 188774 0 0
4374250937 188774 0 0
4374250950 188774 0 0
4374250963 189620 0 6
4374250976 191658 0 0
4374250989 191658 0 0
4374251002 191658 0 0
4374251015 191658 0 0
4374251028 191658 0 0
4374251041 191658 0 0
4374251054 191658 0 0
4374251067 191658 0 0
4374251080 191658 0 0
4374251093 191658 0 0
4374251106 191658 0 0
4374251119 191658 0 0
4374251132 191658 0 0
4374251145 191658 0 0
4374251158 191658 0 0
4374251171 191658 0 0
4374251184 191658 0 0
4374251197 191658 0 0
4374251210 191658 0 0
4374251223 194142 0 2
4374251236 194142 0 0
4374251249 194142 0 0
4374251262 194142 0 0
4374251275 194142 0 0
4374251288 194142 0 0
4374251301 194142 0 0
4374251314 194142 0 0
4374251327 194142 0 0
4374251340 194142 0 0
4374251353 194142 0 0
4374251366 194142 0 0
4374251379 194142 0 0
4374251392 194142 0 0
4374251405 194142 0 0
4374251418 194142 0 0
4374251431 194142 0 0
4374251444 194142 0 0
4374251457 194142 0 0
4374251470 196066 0 4
4374251483 196066 0 0
4374251496 196066 0 0
4374251509 196066 0 0
4374251522 196066 0 0
4374251535 196066 0 0
4374251548 196066 0 0
4374251561 196066 0 0
4374251574 196066 0 0
4374251587 196066 0 0
4374251600 196066 0 0
4374251613 196066 0 0
4374251626 196066 0 0
4374251639 196066 0 0
4374251652 196066 0 0
4374251665 196066 0 0
4374251678 196066 0 0
4374251691 196066 0 0
4374251704 196066 0 0
4374251717 196862 0 0
4374251730 197658 0 2
4374251743 197658 0 0
4374251756 197658 0 0
4374251769 197658 0 0
4374251782 197658 0 0
4374251795 197658 0 0
4374251808 197658 0 0
4374251821 197658 0 0
4374251834 197658 0 0
4374251847 197658 0 0
4374251860 197658 0 0
4374251873 197658 0 0
4374251886 197658 0 0
4374251899 197658 0 0
4374251912 197658 0 0
4374251925 197658 0 0
4374251938 197658 0 0
4374251951 197658 0 0
4374251964 198005 0 2
4374251977 199046 0 4
4374251990 199046 0 0
4374252003 199046 0 0
4374252016 199046 0 0
4374252029 199046 0 0
4374252042 199046 0 0
4374252055 199046 0 0
4374252068 199046 0 0
4374252081 199046 0 0
4374252094 199046 0 0
4374252107 199046 0 0
4374252120 199046 0 0
4374252133 199046 0 0
4374252146 199046 0 0
4374252159 199046 0 0
4374252172 199046 0 0
4374252185 199046 0 0
4374252198 199046 0 0
4374252211 199046 0 0
4374252224 200042 0 2
4374252237 200042 0 0
4374252250 200042 0 0
4374252263 200042 0 0
4374252276 200042 0 0
4374252289 200042 0 0
4374252302 200042 0 0
4374252315 200042 0 0
4374252328 200042 0 0
4374252341 200042 0 0
4374252354 200042 0 0
4374252367 200042 0 0
4374252380 200042 0 0
4374252393 200042 0 0
4374252406 200042 0 0
4374252419 200042 0 0
4374252432 200042 0 0
4374252445 200042 0 0
4374252458 200042 0 0
4374252471 200990 0 4
4374252484 200990 0 0
4374252497 200990 0 0
4374252510 200990 0 0
4374252523 200990 0 0
4374252536 200990 0 0
4374252549 200990 0 0
4374252562 200990 0 0
4374252575 200990 0 0
4374252588 200990 0 0
4374252601 200990 0 0
4374252614 200990 0 0
4374252627 200990 0 0
4374252640 200990 0 0
4374252653 200990 0 0
4374252666 200990 0 0
4374252679 200990 0 0
4374252692 200990 0 0
4374252705 200990 0 0
4374252718 150742 0 3
read 388 profiled data
