4374167027 406 0 0
4374167040 53649 0 13886
4374167053 112817 0 7092
4374167066 112817 0 0
4374167079 112817 0 0
4374167092 112817 0 0
4374167105 112817 0 0
4374167118 112817 0 0
4374167131 112817 0 0
4374167144 112817 0 0
4374167157 112817 0 0
4374167170 112817 0 0
4374167183 112817 0 0
4374167196 112817 0 0
4374167209 112817 0 0
4374167222 112817 0 0
4374167235 112817 0 0
4374167248 112817 0 0
4374167261 112817 0 0
4374167274 112817 0 0
4374167287 119099 0 112
4374167301 158815 0 568
4374167314 201917 0 510
4374167327 201917 0 0
4374167340 201917 0 0
4374167353 201917 0 0
4374167366 201917 0 0
4374167379 201917 0 0
4374167392 201917 0 0
4374167405 201917 0 0
4374167418 201917 0 0
4374167431 201917 0 0
4374167444 201917 0 0
4374167457 201917 0 0
4374167470 201917 0 0
4374167483 201917 0 0
4374167496 201917 0 0
4374167509 201917 0 0
4374167522 201917 0 0
4374167535 201917 0 0
4374167548 214011 0 95
4374167561 255714 0 330
4374167574 274481 0 108
4374167587 274481 0 0
4374167600 274481 0 0
4374167613 274481 0 0
4374167626 274481 0 0
4374167639 274481 0 0
4374167652 274481 0 0
4374167665 274481 0 0
4374167678 274481 0 0
4374167691 274481 0 0
4374167704 274481 0 0
4374167717 274481 0 0
4374167730 274481 0 0
4374167743 274481 0 0
4374167756 274481 0 0
4374167769 274481 0 0
4374167782 274481 0 0
4374167795 282925 0 50
4374167808 294701 0 50
4374167821 335141 0 173
4374167834 335141 0 0
4374167847 335141 0 0
4374167860 335141 0 0
4374167873 335141 0 0
4374167886 335141 0 0
4374167899 335141 0 0
4374167912 335141 0 0
4374167925 335141 0 0
4374167938 335141 0 0
4374167951 335141 0 0
4374167964 335141 0 0
4374167977 335141 0 0
4374167990 335141 0 0
4374168003 335141 0 0
4374168016 335141 0 0
4374168029 335141 0 0
4374168042 335141 0 0
4374168055 343341 0 18
4374168068 359827 0 75
4374168081 384341 0 81
4374168094 384341 0 0
4374168107 384341 0 0
4374168120 384341 0 0
4374168133 384341 0 0
4374168146 384341 0 0
4374168159 384341 0 0
4374168172 384341 0 0
4374168185 384341 0 0
4374168198 384341 0 0
4374168211 384341 0 0
4374168224 384341 0 0
4374168237 384341 0 0
4374168250 384341 0 0
4374168263 384341 0 0
4374168276 384341 0 0
4374168289 384341 0 0
4374168302 391217 0 30
4374168315 398093 0 22
4374168328 425597 0 80
4374168341 425597 0 0
4374168354 425597 0 0
4374168367 425597 0 0
4374168380 425597 0 0
4374168393 425597 0 0
4374168406 425597 0 0
4374168419 425597 0 0
4374168432 425597 0 0
4374168445 425597 0 0
4374168458 425597 0 0
4374168471 425597 0 0
4374168484 425597 0 0
4374168497 425597 0 0
4374168510 425597 0 0
4374168523 425597 0 0
4374168536 425597 0 0
4374168549 427381 0 6
4374168562 436825 0 18
4374168575 448053 0 42
4374168588 459281 0 24
4374168601 459281 0 0
4374168614 459281 0 0
4374168627 459281 0 0
4374168640 459281 0 0
4374168653 459281 0 0
4374168666 459281 0 0
4374168679 459281 0 0
4374168692 459281 0 0
4374168705 459281 0 0
4374168718 459281 0 0
4374168731 459281 0 0
4374168744 459281 0 0
4374168757 459281 0 0
4374168770 459281 0 0
4374168783 459281 0 0
4374168796 459281 0 0
4374168809 463911 0 10
4374168822 473171 0 20
4374168835 487061 0 36
4374168848 487061 0 0
4374168861 487061 0 0
4374168874 487061 0 0
4374168887 487061 0 0
4374168900 487061 0 0
4374168913 487061 0 0
4374168926 487061 0 0
4374168939 487061 0 0
4374168952 487061 0 0
4374168965 487061 0 0
4374168978 487061 0 0
4374168991 487061 0 0
4374169004 487061 0 0
4374169017 487061 0 0
4374169030 487061 0 0
4374169043 487061 0 0
4374169056 490809 0 8
4374169069 494557 0 8
4374169082 509549 0 33
4374169095 509549 0 0
4374169108 509549 0 0
4374169121 509549 0 0
4374169134 509549 0 0
4374169147 509549 0 0
4374169160 509549 0 0
4374169173 509549 0 0
4374169186 509549 0 0
4374169199 509549 0 0
4374169212 509549 0 0
4374169225 509549 0 0
4374169238 509549 0 0
4374169251 509549 0 0
4374169264 509549 0 0
4374169277 509549 0 0
4374169290 509549 0 0
4374169303 511729 0 8
4374169316 515957 0 8
4374169329 522365 0 8
4374169342 528773 0 12
4374169355 528773 0 0
4374169368 528773 0 0
4374169381 528773 0 0
4374169394 528773 0 0
4374169407 528773 0 0
4374169420 528773 0 0
4374169433 528773 0 0
4374169446 528773 0 0
4374169459 528773 0 0
4374169472 528773 0 0
4374169485 528773 0 0
4374169498 528773 0 0
4374169511 528773 0 0
4374169524 528773 0 0
4374169537 528773 0 0
4374169550 528773 0 0
4374169563 532277 0 9
4374169576 537165 0 9
4374169589 543797 0 12
4374169602 543797 0 0
4374169615 543797 0 0
4374169628 543797 0 0
4374169641 543797 0 0
4374169654 543797 0 0
4374169667 543797 0 0
4374169680 543797 0 0
4374169693 543797 0 0
4374169706 543797 0 0
4374169719 543797 0 0
4374169732 543797 0 0
4374169745 543797 0 0
4374169758 543797 0 0
4374169771 543797 0 0
4374169784 543797 0 0
4374169797 543797 0 0
4374169810 545761 0 0
4374169824 549689 0 6
4374169837 555581 0 15
4374169850 555581 0 0
4374169863 555581 0 0
4374169876 555581 0 0
4374169889 555581 0 0
4374169902 555581 0 0
4374169915 555581 0 0
4374169928 555581 0 0
4374169941 555581 0 0
4374169954 555581 0 0
4374169967 555581 0 0
4374169980 555581 0 0
4374169993 555581 0 0
4374170006 555581 0 0
4374170019 555581 0 0
4374170032 555581 0 0
4374170045 555581 0 0
4374170058 557375 0 3
4374170071 559169 0 3
4374170084 564980 0 9
4374170097 566345 0 0
4374170110 566345 0 0
4374170123 566345 0 0
4374170136 566345 0 0
4374170149 566345 0 0
4374170162 566345 0 0
4374170175 566345 0 0
4374170188 566345 0 0
4374170201 566345 0 0
4374170214 566345 0 0
4374170227 566345 0 0
4374170240 566345 0 0
4374170253 566345 0 0
4374170266 566345 0 0
4374170279 566345 0 0
4374170292 566345 0 0
4374170305 566612 0 3
4374170318 569229 0 6
4374170331 572113 0 3
4374170344 574997 0 9
4374170357 574997 0 0
4374170370 574997 0 0
4374170383 574997 0 0
4374170396 574997 0 0
4374170409 574997 0 0
4374170422 574997 0 0
4374170435 574997 0 0
4374170448 574997 0 0
4374170461 574997 0 0
4374170474 574997 0 0
4374170487 574997 0 0
4374170500 574997 0 0
4374170513 574997 0 0
4374170526 574997 0 0
4374170539 574997 0 0
4374170552 574997 0 0
4374170565 576239 0 4
4374170578 578723 0 4
4374170591 582449 0 8
4374170604 582449 0 0
4374170617 582449 0 0
4374170630 582449 0 0
4374170643 582449 0 0
4374170656 582449 0 0
4374170669 582449 0 0
4374170682 582449 0 0
4374170695 582449 0 0
4374170708 582449 0 0
4374170721 582449 0 0
4374170734 582449 0 0
4374170747 582449 0 0
4374170760 582449 0 0
4374170773 582449 0 0
4374170786 582449 0 0
4374170799 582449 0 0
4374170812 583411 0 0
4374170825 584854 0 2
4374170838 588221 0 8
4374170851 588221 0 0
4374170864 588221 0 0
4374170877 588221 0 0
4374170890 588221 0 0
4374170903 588221 0 0
4374170916 588221 0 0
4374170929 588221 0 0
4374170942 588221 0 0
4374170955 588221 0 0
4374170968 588221 0 0
4374170981 588221 0 0
4374170994 588221 0 0
4374171007 588221 0 0
4374171020 588221 0 0
4374171033 588221 0 0
4374171046 588221 0 0
4374171059 589017 0 4
4374171072 589813 0 2
4374171085 591405 0 4
4374171098 592997 0 4
4374171111 592997 0 0
4374171124 592997 0 0
4374171137 592997 0 0
4374171150 592997 0 0
4374171163 592997 0 0
4374171176 592997 0 0
4374171189 592997 0 0
4374171202 592997 0 0
4374171215 592997 0 0
4374171228 592997 0 0
4374171241 592997 0 0
4374171254 592997 0 0
4374171267 592997 0 0
4374171280 592997 0 0
4374171293 592997 0 0
4374171306 592997 0 0
4374171319 594385 0 0
4374171332 595426 0 4
4374171345 597161 0 4
4374171358 597161 0 0
4374171371 597161 0 0
4374171384 597161 0 0
4374171397 597161 0 0
4374171410 597161 0 0
4374171423 597161 0 0
4374171436 597161 0 0
4374171449 597161 0 0
4374171462 597161 0 0
4374171475 597161 0 0
4374171488 597161 0 0
4374171501 597161 0 0
4374171514 597161 0 0
4374171527 597161 0 0
4374171540 597161 0 0
4374171553 597161 0 0
4374171566 597659 0 4
4374171579 598655 0 8
4374171592 600149 0 8
4374171605 600149 0 0
4374171618 600149 0 0
4374171631 600149 0 0
4374171644 600149 0 0
4374171657 600149 0 0
4374171670 600149 0 0
4374171683 600149 0 0
4374171696 600149 0 0
4374171709 600149 0 0
4374171722 600149 0 0
4374171735 600149 0 0
4374171748 600149 0 0
4374171761 600149 0 0
4374171774 600149 0 0
4374171787 600149 0 0
4374171800 600149 0 0
4374171813 600623 0 4
4374171826 601097 0 4
4374171839 602345 0 10
4374171852 602993 0 2
4374171865 602993 0 0
4374171878 602993 0 0
4374171891 602993 0 0
4374171904 602993 0 0
4374171917 602993 0 0
4374171930 602993 0 0
4374171943 602993 0 0
4374171956 602993 0 0
4374171969 602993 0 0
4374171982 602993 0 0
4374171995 602993 0 0
4374172008 602993 0 0
4374172021 602993 0 0
4374172034 602993 0 0
4374172047 602993 0 0
4374172060 602993 0 1
4374172073 502496 0 6
4374172086 301498 0 6
4374172099 50248 0 9
read 391 profiled data
