4374116130 2228 0 1666
4374116143 18802 0 3157
4374116156 18802 0 0
4374116169 18802 0 0
4374116182 18802 0 0
4374116196 18802 0 0
4374116209 18802 0 0
4374116222 18802 0 0
4374116235 18802 0 0
4374116250 18802 0 0
4374116263 18802 0 0
4374116276 18802 0 0
4374116289 18802 0 0
4374116302 18802 0 0
4374116315 18802 0 0
4374116328 18802 0 0
4374116341 18802 0 0
4374116354 18802 0 0
4374116367 18802 0 0
4374116380 18802 0 0
4374116393 33652 0 222
4374116407 33652 0 0
4374116420 33652 0 0
4374116433 33652 0 0
4374116446 33652 0 0
4374116459 33652 0 0
4374116472 33652 0 0
4374116485 33652 0 0
4374116498 33652 0 0
4374116511 33652 0 0
4374116524 33652 0 0
4374116538 33652 0 0
4374116552 33652 0 0
4374116565 33652 0 0
4374116578 33652 0 0
4374116592 33652 0 0
4374116605 33652 0 0
4374116618 33652 0 0
4374116631 33652 0 0
4374116645 44158 0 171
4374116658 45746 0 18
4374116671 45746 0 0
4374116684 45746 0 0
4374116697 45746 0 0
4374116710 45746 0 0
4374116723 45746 0 0
4374116736 45746 0 0
4374116749 45746 0 0
4374116763 45746 0 0
4374116775 45746 0 0
4374116788 45746 0 0
4374116801 45746 0 0
4374116814 45746 0 0
4374116827 45746 0 0
4374116840 45746 0 0
4374116853 45746 0 0
4374116866 45746 0 0
4374116879 45746 0 0
4374116892 45746 0 0
4374116905 55856 0 76
4374116918 55856 0 0
4374116931 55856 0 0
4374116944 55856 0 0
4374116957 55856 0 0
4374116970 55856 0 0
4374116983 55856 0 0
4374116996 55856 0 0
4374117009 55856 0 0
4374117022 55856 0 0
4374117035 55856 0 0
4374117048 55856 0 0
4374117061 55856 0 0
4374117074 55856 0 0
4374117087 55856 0 0
4374117100 55856 0 0
4374117113 55856 0 0
4374117126 55856 0 0
4374117139 55856 0 0
4374117152 64056 0 48
4374117165 64056 0 0
4374117178 64056 0 0
4374117191 64056 0 0
4374117205 64056 0 0
4374117218 64056 0 0
4374117238 64056 0 0
4374117244 64056 0 0
4374117258 64056 0 0
4374117272 64056 0 0
4374117285 64056 0 0
4374117298 64056 0 0
4374117311 64056 0 0
4374117324 64056 0 0
4374117337 64056 0 0
4374117350 64056 0 0
4374117363 64056 0 0
4374117376 64056 0 0
4374117389 64056 0 0
4374117402 68572 0 14
4374117415 70932 0 0
4374117428 70932 0 0
4374117441 70932 0 0
4374117454 70932 0 0
4374117467 70932 0 0
4374117480 70932 0 0
4374117493 70932 0 0
4374117506 70932 0 0
4374117519 70932 0 0
4374117532 70932 0 0
4374117545 70932 0 0
4374117558 70932 0 0
4374117571 70932 0 0
4374117584 70932 0 0
4374117597 70932 0 0
4374117610 70932 0 0
4374117623 70932 0 0
4374117636 70932 0 0
4374117649 70932 0 0
4374117662 76546 0 19
4374117675 76546 0 0
4374117688 76546 0 0
4374117702 76546 0 0
4374117715 76546 0 0
4374117728 76546 0 0
4374117742 76546 0 0
4374117755 76546 0 0
4374117768 76546 0 0
4374117781 76546 0 0
4374117794 76546 0 0
4374117807 76546 0 0
4374117820 76546 0 0
4374117833 76546 0 0
4374117846 76546 0 0
4374117860 76546 0 0
4374117873 76546 0 0
4374117886 76546 0 0
4374117899 76546 0 0
4374117912 81176 0 16
4374117925 81176 0 0
4374117938 81176 0 0
4374117951 81176 0 0
4374117964 81176 0 0
4374117977 81176 0 0
4374117990 81176 0 0
4374118003 81176 0 0
4374118017 81176 0 0
4374118030 81176 0 0
4374118043 81176 0 0
4374118056 81176 0 0
4374118069 81176 0 0
4374118082 81176 0 0
4374118095 81176 0 0
4374118108 81176 0 0
4374118121 81176 0 0
4374118134 81176 0 0
4374118147 81176 0 0
4374118160 84924 0 18
4374118174 84924 0 0
4374118187 84924 0 0
4374118200 84924 0 0
4374118213 84924 0 0
4374118226 84924 0 0
4374118239 84924 0 0
4374118252 84924 0 0
4374118265 84924 0 0
4374118278 84924 0 0
4374118291 84924 0 0
4374118304 84924 0 0
4374118317 84924 0 0
4374118330 84924 0 0
4374118343 84924 0 0
4374118356 84924 0 0
4374118369 84924 0 0
4374118382 84924 0 0
4374118395 84924 0 0
4374118408 87688 0 8
4374118421 88128 0 0
4374118441 88128 0 0
4374118454 88128 0 0
4374118467 88128 0 0
4374118480 88128 0 0
4374118493 88128 0 0
4374118506 88128 0 0
4374118519 88128 0 0
4374118532 88128 0 0
4374118545 88128 0 0
4374118558 88128 0 0
4374118571 88128 0 0
4374118584 88128 0 0
4374118597 88128 0 0
4374118610 88128 0 0
4374118623 88128 0 0
4374118636 88128 0 0
4374118649 88128 0 0
4374118662 90632 0 6
4374118675 90632 0 0
4374118688 90632 0 0
4374118701 90632 0 0
4374118714 90632 0 0
4374118727 90632 0 0
4374118740 90632 0 0
4374118753 90632 0 0
4374118766 90632 0 0
4374118779 90632 0 0
4374118792 90632 0 0
4374118805 90632 0 0
4374118818 90632 0 0
4374118831 90632 0 0
4374118844 90632 0 0
4374118857 90632 0 0
4374118870 90632 0 0
4374118883 90632 0 0
4374118896 90632 0 0
4374118909 91614 0 3
4374118922 92596 0 3
4374118935 92596 0 0
4374118948 92596 0 0
4374118961 92596 0 0
4374118974 92596 0 0
4374118987 92596 0 0
4374119000 92596 0 0
4374119013 92596 0 0
4374119026 92596 0 0
4374119039 92596 0 0
4374119052 92596 0 0
4374119065 92596 0 0
4374119078 92596 0 0
4374119091 92596 0 0
4374119104 92596 0 0
4374119117 92596 0 0
4374119130 92596 0 0
4374119143 92596 0 0
4374119156 92596 0 0
4374119169 94390 0 6
4374119182 94390 0 0
4374119195 94390 0 0
4374119208 94390 0 0
4374119221 94390 0 0
4374119234 94390 0 0
4374119247 94390 0 0
4374119260 94390 0 0
4374119273 94390 0 0
4374119286 94390 0 0
4374119299 94390 0 0
4374119312 94390 0 0
4374119325 94390 0 0
4374119338 94390 0 0
4374119351 94390 0 0
4374119364 94390 0 0
4374119377 94390 0 0
4374119390 94390 0 0
4374119403 94390 0 0
4374119416 95832 0 3
4374119429 95832 0 0
4374119442 95832 0 0
4374119455 95832 0 0
4374119468 95832 0 0
4374119481 95832 0 0
4374119494 95832 0 0
4374119507 95832 0 0
4374119520 95832 0 0
4374119533 95832 0 0
4374119546 95832 0 0
4374119559 95832 0 0
4374119572 95832 0 0
4374119585 95832 0 0
4374119598 95832 0 0
4374119611 95832 0 0
4374119624 95832 0 0
4374119637 95832 0 0
4374119650 95832 0 0
4374119663 97074 0 4
4374119676 97074 0 0
4374119689 97074 0 0
4374119702 97074 0 0
4374119715 97074 0 0
4374119728 97074 0 0
4374119741 97074 0 0
4374119754 97074 0 0
4374119767 97074 0 0
4374119780 97074 0 0
4374119793 97074 0 0
4374119806 97074 0 0
4374119819 97074 0 0
4374119832 97074 0 0
4374119845 97074 0 0
4374119858 97074 0 0
4374119871 97074 0 0
4374119884 97074 0 0
4374119897 97074 0 0
4374119910 97074 0 0
4374119923 98036 0 4
4374119936 98036 0 0
4374119949 98036 0 0
4374119962 98036 0 0
4374119975 98036 0 0
4374119988 98036 0 0
4374120001 98036 0 0
4374120014 98036 0 0
4374120027 98036 0 0
4374120040 98036 0 0
4374120053 98036 0 0
4374120066 98036 0 0
4374120079 98036 0 0
4374120092 98036 0 0
4374120105 98036 0 0
4374120118 98036 0 0
4374120131 98036 0 0
4374120144 98036 0 0
4374120157 98036 0 0
4374120170 98832 0 2
4374120183 98832 0 0
4374120196 98832 0 0
4374120209 98832 0 0
4374120222 98832 0 0
4374120235 98832 0 0
4374120248 98832 0 0
4374120261 98832 0 0
4374120274 98832 0 0
4374120287 98832 0 0
4374120300 98832 0 0
4374120314 98832 0 0
4374120327 98832 0 0
4374120340 98832 0 0
4374120353 98832 0 0
4374120366 98832 0 0
4374120379 98832 0 0
4374120392 98832 0 0
4374120405 98832 0 0
4374120418 99526 0 2
4374120431 99526 0 0
4374120444 99526 0 0
4374120457 99526 0 0
4374120470 99526 0 0
4374120484 99526 0 0
4374120497 99526 0 0
4374120510 99526 0 0
4374120523 99526 0 0
4374120536 99526 0 0
4374120549 99526 0 0
4374120562 99526 0 0
4374120575 99526 0 0
4374120588 99526 0 0
4374120601 99526 0 0
4374120614 99526 0 0
4374120627 99526 0 0
4374120640 99526 0 0
4374120653 99526 0 0
4374120666 100024 0 0
4374120679 100024 0 0
4374120692 100024 0 0
4374120705 100024 0 0
4374120718 100024 0 0
4374120731 100024 0 0
4374120744 100024 0 0
4374120757 100024 0 0
4374120770 100024 0 0
4374120783 100024 0 0
4374120796 100024 0 0
4374120809 100024 0 0
4374120822 100024 0 0
4374120835 100024 0 0
4374120848 100024 0 0
4374120861 100024 0 0
4374120874 100024 0 0
4374120887 100024 0 0
4374120900 100024 0 0
4374120913 100024 0 0
4374120926 100498 0 2
4374120939 100498 0 0
4374120952 100498 0 0
4374120965 100498 0 0
4374120978 100498 0 0
4374120991 100498 0 0
4374121004 100498 0 0
4374121017 100498 0 0
4374121030 100498 0 0
4374121043 100498 0 0
4374121056 100498 0 0
4374121069 100498 0 0
4374121082 100498 0 0
4374121095 100498 0 0
4374121108 100498 0 0
4374121121 100498 0 0
4374121134 100498 0 0
4374121147 100498 0 0
4374121160 100498 0 0
read 386 profiled data
